Fg:0, retreival top10:[  0  27  78  43 147  33 106  87  95 181]
Fg:1, retreival top10:[  1 150 127  12  41  77 149 137  54 160]
Fg:2, retreival top10:[  2  68  59 160   3 157  50  36  71  76]
Fg:3, retreival top10:[  1 160 103  73  77 150 170 114  59 147]
Fg:4, retreival top10:[  1  77 150 138 127  91 170  93  54 109]
Fg:5, retreival top10:[  5 177  33  86  36  31  80  56 169  43]
Fg:6, retreival top10:[104  67  22   8  17  48 102   6  61  37]
Fg:7, retreival top10:[  7 166  12  38  70 180 143 183  35 176]
Fg:8, retreival top10:[  8  22  17 104  37  67   6 102  48  38]
Fg:9, retreival top10:[ 27   9   1 164  14  77 147   4 135  16]
Fg:10, retreival top10:[ 64  51 156  97  87  92 180 168  23 143]
Fg:11, retreival top10:[ 11  82  74  43 122  23  97 168  53 147]
Fg:12, retreival top10:[ 12  41 176 170 150   1 140 180   7  91]
Fg:13, retreival top10:[ 13  93 125  54 101  12 109 179  29  55]
Fg:14, retreival top10:[137   1  14 127 150  94  47 149 135  36]
Fg:15, retreival top10:[132 161 182  61 149  65  15   1 166 180]
Fg:16, retreival top10:[ 16  74  79 120  47 121  43  36  35   9]
Fg:17, retreival top10:[ 17 140  22 104  48 120  18  37  36 135]
Fg:18, retreival top10:[135  18 104  48  47 140  14  17  35  79]
Fg:19, retreival top10:[153  57 165 140  19  30 174 180 159  39]
Fg:20, retreival top10:[ 20 146 183 110 107  52  40  72  31  33]
Fg:21, retreival top10:[ 83  21  26  29 163 138  93 125 101  60]
Fg:22, retreival top10:[ 17   8  22   6  48 104 102  31  86  37]
Fg:23, retreival top10:[ 23  64  82  11  97  43 106  74 122 156]
Fg:24, retreival top10:[ 24 129 125 158 181  77 147 138  60  93]
Fg:25, retreival top10:[122  82  11 117  23  97  95 174  64  99]
Fg:26, retreival top10:[ 26 163  29 139  83 101 179 173 125  13]
Fg:27, retreival top10:[ 27   0   9  56  14 164 147  74   4  60]
Fg:28, retreival top10:[128 100  74 105 115 140 144  96 153  76]
Fg:29, retreival top10:[ 29  26 163  13 125 179  83 101 139  93]
Fg:30, retreival top10:[153  30  57 121 174 165 173  44 105  40]
Fg:31, retreival top10:[ 88  86   6 177  70  31   5 159 181  78]
Fg:32, retreival top10:[ 32  33 171  26  96 173 140 179 112 139]
Fg:33, retreival top10:[ 33  85 166  40 149 110 147  70 158 180]
Fg:34, retreival top10:[ 42  25  34 175 135  35  16 106  54  21]
Fg:35, retreival top10:[ 18  47  35  95 135 120  69  94 181  79]
Fg:36, retreival top10:[ 81   4 164 131 147 106   9  60  48  27]
Fg:37, retreival top10:[ 37  38  94 156 120 182 180  72  65  47]
Fg:38, retreival top10:[ 38  37 161 149 166 182  22 132  67  61]
Fg:39, retreival top10:[ 82  11  49 174  39  44 122  57 116  23]
Fg:40, retreival top10:[ 38 124 182 180  30  37 153  65 110  40]
Fg:41, retreival top10:[ 41 150   1 149 127  12 103 170 147 178]
Fg:42, retreival top10:[ 42  25 135 175  34  54 106  61   1  35]
Fg:43, retreival top10:[120  47  37 140  94 135  72  18 122  79]
Fg:44, retreival top10:[ 44  39  57 121  49 180 174  99  82  11]
Fg:45, retreival top10:[130  80 101  90  13  62  45 179 163  36]
Fg:46, retreival top10:[103 147 164 115   4 114 131 113   1  81]
Fg:47, retreival top10:[135  47  35  16  25  18  33  42  14 117]
Fg:48, retreival top10:[149  61  48 102  67 132 166 140   6 147]
Fg:49, retreival top10:[ 49  56  44 174  82  11  57  39  70  31]
Fg:50, retreival top10:[141  50  71 157  40  59   2   3  68  33]
Fg:51, retreival top10:[180  97  33  87  36  40  50  53  78 143]
Fg:52, retreival top10:[ 52 107  20  47 172  74  36  72 120 133]
Fg:53, retreival top10:[ 95  35 122  43  94 117  47 143 120  79]
Fg:54, retreival top10:[ 54   8  22 109  93  37 149 102  94  12]
Fg:55, retreival top10:[ 12  55 149 166 170  91 134 102  70  41]
Fg:56, retreival top10:[ 56  49 151  70  74  57  88 177  58 174]
Fg:57, retreival top10:[ 57 174  28  49  44  40 108  56  74 121]
Fg:58, retreival top10:[ 58  70  84  55 136  80  56  90 183 176]
Fg:59, retreival top10:[  2  68  59 157   3 160  50  36  76  71]
Fg:60, retreival top10:[138 119  60  83 181  93 125  77  26 173]
Fg:61, retreival top10:[ 61 132 182 161 166 149  67  48 110 140]
Fg:62, retreival top10:[130  62 139 179  45 112  32 119 101 144]
Fg:63, retreival top10:[ 75 175  63  25  98 135 154  42 165 172]
Fg:64, retreival top10:[ 64  23  87  97 168 106 156  51  53  78]
Fg:65, retreival top10:[133  65  86  43 120  36 159  74 116  48]
Fg:66, retreival top10:[128 100 105  66 149  96 159 148 147 153]
Fg:67, retreival top10:[104 140  67 102  17  22  37 149 120   8]
Fg:68, retreival top10:[  2  68   3  59 157 160  50  36 147  76]
Fg:69, retreival top10:[ 69  18 172 174 135  79 171 105  32  47]
Fg:70, retreival top10:[ 70 178 134  58 149 180  86  40  33  43]
Fg:71, retreival top10:[ 50 157  71   2   3  68 141  59 160  40]
Fg:72, retreival top10:[ 72  35 107 117  47  78  33  95  37 146]
Fg:73, retreival top10:[ 77  46 103 164  73  14 114  36 176 127]
Fg:74, retreival top10:[128  74 122 100 140 174  47 105  76 172]
Fg:75, retreival top10:[ 75  63  98 159 128 149 165  74 100 140]
Fg:76, retreival top10:[ 76 157  59   2 144  68   3  40 160 108]
Fg:77, retreival top10:[ 77 164 176  62 103  91 170  16   4 114]
Fg:78, retreival top10:[ 78  35  37  94  47 180  43  70  72 149]
Fg:79, retreival top10:[120  79  94  47  37 135  95  74  16  43]
Fg:80, retreival top10:[136  58  84  70  74  80  40  43  12  47]
Fg:81, retreival top10:[  4  81  73 131  21 164 145  34  60 106]
Fg:82, retreival top10:[ 82  11  49  97  74  23 122 116 121  44]
Fg:83, retreival top10:[ 26  29  83 163 125 138  13  93 179 173]
Fg:84, retreival top10:[ 84 111  71 157  40 141 136  50  12  78]
Fg:85, retreival top10:[ 85 134 118 110 158 166  33 161 132  70]
Fg:86, retreival top10:[ 86  31 180  22 177   5  17 140  48  15]
Fg:87, retreival top10:[168  87  53 131 147  43 106  81  78  97]
Fg:88, retreival top10:[ 88 177   5  86  70   6 181  36 120 159]
Fg:89, retreival top10:[ 89   7 102 143 178 180  92  15 166 183]
Fg:90, retreival top10:[ 80  90 101 163  70  13 150  47 179  58]
Fg:91, retreival top10:[150  91 170 127 149  12  41 176   1 103]
Fg:92, retreival top10:[156  92 149 178 180  94  41  70  97 166]
Fg:93, retreival top10:[ 93  54  13  12 109 125 138 170  26 101]
Fg:94, retreival top10:[ 94 149  47 135 120   1 137  61 182  37]
Fg:95, retreival top10:[ 72  47  35  95 122 117  94 107 135  79]
Fg:96, retreival top10:[ 96 171 105 148  32  19 153 100 144  40]
Fg:97, retreival top10:[ 82  11  74 122  97  23  49  43 180  70]
Fg:98, retreival top10:[175  98  25  63  54  42 154 135  78  35]
Fg:99, retreival top10:[156  99 180  92  95  94 120  97 117  39]
Fg:100, retreival top10:[100 155 128  74  98 137  63  75 105 172]
Fg:101, retreival top10:[101  54  12  13 139 109  91 179 144 135]
Fg:102, retreival top10:[166 110 149  85 161 132 147 102 182  33]
Fg:103, retreival top10:[170 176  12 103   4  81  73 114 148  62]
Fg:104, retreival top10:[104  37 119  17  79 120  67 140  18   8]
Fg:105, retreival top10:[105 171  96  30 100 148 153 173 174  32]
Fg:106, retreival top10:[106  25 135  42   1  14   4  48  73  81]
Fg:107, retreival top10:[ 72 107  47  94 172  37  52  20  95 120]
Fg:108, retreival top10:[106  25 135  48  81   4  42  60  61 147]
Fg:109, retreival top10:[109 170  93  60   8  62 138  91  12  54]
Fg:110, retreival top10:[ 85 110 134 118 166 162 158 149  33 124]
Fg:111, retreival top10:[111 102  84  89   3   8 143 157 147  24]
Fg:112, retreival top10:[112 102 139  54 104 140 148  32  67 144]
Fg:113, retreival top10:[115 150   1 164 147 103 113 127 114 137]
Fg:114, retreival top10:[ 42  25  34 135   4  54  77 175 103  73]
Fg:115, retreival top10:[115 164 147 113   4  81 131 103 140   3]
Fg:116, retreival top10:[116  86  78  49 156 180  65 133 107  11]
Fg:117, retreival top10:[117 122  35  95  72 175 135  78  47 156]
Fg:118, retreival top10:[118  85 134  33 110 182  61 161 132 162]
Fg:119, retreival top10:[130  62  36  45  80  40  33  60  43 157]
Fg:120, retreival top10:[ 37  47  38  65 123  94 180 182 132 140]
Fg:121, retreival top10:[121  44  57  39  49 174  56  65  74 180]
Fg:122, retreival top10:[122  74  11  82  47  70  94 128 120  95]
Fg:123, retreival top10:[123 140  37  72 174  47 120 180  31 135]
Fg:124, retreival top10:[124 110 140 149 180 174  92 162  31 166]
Fg:125, retreival top10:[125  93 138  13  54  29  26  83 129  77]
Fg:126, retreival top10:[ 94  95 120 149 156  47 147  43  37 137]
Fg:127, retreival top10:[  1 150 127  41 137 149  12  94 147 170]
Fg:128, retreival top10:[128 100 122  74 105 140 159 171  98 153]
Fg:129, retreival top10:[111 140  17 120  24 129 157  72  37 117]
Fg:130, retreival top10:[130  62  45 139 101  13 179  36  80  33]
Fg:131, retreival top10:[150   1 115 137 147 128  41 149 103  47]
Fg:132, retreival top10:[132 182  61 161 166 110 149 140  85  48]
Fg:133, retreival top10:[133  63 159  74 154 165  75 120  36  86]
Fg:134, retreival top10:[134  85 118  70 158  55 181  33 110  40]
Fg:135, retreival top10:[135  47 126  16  35 117  14  95 122  79]
Fg:136, retreival top10:[136  58  84  12  43 159 111   3  40 157]
Fg:137, retreival top10:[150 127   1 137  94  14  41  12 149  13]
Fg:138, retreival top10:[138 125  13  93  26  79 150 101  47 129]
Fg:139, retreival top10:[139 112  54  32  26 173 179  29 140  13]
Fg:140, retreival top10:[140 180  65 120  37 135  94  47 132  57]
Fg:141, retreival top10:[141  71  50 157  78  40 143  33 180 116]
Fg:142, retreival top10:[147 137  14  36  46 131 152 126   3 145]
Fg:143, retreival top10:[122 117  95  82  11  35  94 143  47 126]
Fg:144, retreival top10:[148 144  41 105 149  12 128 100  96   1]
Fg:145, retreival top10:[103  73 170 114 160 145  77   4   1 164]
Fg:146, retreival top10:[129  24 158 125  55 111  45 181  13 146]
Fg:147, retreival top10:[106  25   4  42  73   9  34  81  60   1]
Fg:148, retreival top10:[148 140 102  96  66 105  76  40 124 112]
Fg:149, retreival top10:[ 61 149  67 132 166 161 182  54  48 102]
Fg:150, retreival top10:[150 127   1 137  41  12  94  13 149  91]
Fg:151, retreival top10:[ 86   6  17  22 159  31 151 120 177   5]
Fg:152, retreival top10:[ 81 106 164 147   4  14 131 152 115  36]
Fg:153, retreival top10:[153 159 140  19 105 165 180 148  96  66]
Fg:154, retreival top10:[154  63  28  75 159 144 108  19  98 175]
Fg:155, retreival top10:[100 128 144 105  30  76 171 153 155 108]
Fg:156, retreival top10:[156  94 182  95 120  78 116 107 161  37]
Fg:157, retreival top10:[ 59 160  68   2 157   3  50  71  76  36]
Fg:158, retreival top10:[130  45  62  13  80  90 101 139  33 179]
Fg:159, retreival top10:[140 165 153 159  19  57 180 148 120  66]
Fg:160, retreival top10:[160  59  68   2 157   1   3  73 170 103]
Fg:161, retreival top10:[161 182 132 166  61 110  85 118 149  38]
Fg:162, retreival top10:[162  32 112 124 139 149  54 171 102 148]
Fg:163, retreival top10:[ 29 163  13  26 101 125 179  83  93 138]
Fg:164, retreival top10:[115 113 164 147   3 103 150   4  81 114]
Fg:165, retreival top10:[165  98  75 172  63 140  61 149  48 124]
Fg:166, retreival top10:[110  85 166 162 161 118 132 124 182 149]
Fg:167, retreival top10:[ 87  53 106  64  43 168  78  23  97 131]
Fg:168, retreival top10:[115 147 122  82  11 131 164 113   3 140]
Fg:169, retreival top10:[163 101 179  29  13  26  90  21 125 139]
Fg:170, retreival top10:[148 170  12  62 144 112 140 102  96 139]
Fg:171, retreival top10:[171  32 162  33  96 148 124 105 149 174]
Fg:172, retreival top10:[172 165  30 105 100  76 171 174  98 153]
Fg:173, retreival top10:[173 139  26  32 112 174  29  54 179 140]
Fg:174, retreival top10:[174  57  40  49  74 121  56 173  11  82]
Fg:175, retreival top10:[ 75  63  98 154 100 155  74 128 165 159]
Fg:176, retreival top10:[176  12 170  41 140 103 180  73   1  15]
Fg:177, retreival top10:[177  86   5  88  31  70  33 123  56  78]
Fg:178, retreival top10:[178 179 149  41  35 180 147  26   1  12]
Fg:179, retreival top10:[ 29 163  26 179  13 125  83 101  21  93]
Fg:180, retreival top10:[121  44  57  56 174  49  11  82 122  39]
Fg:181, retreival top10:[181  70 178  40  95 122 158  47 134 149]
Fg:182, retreival top10:[182 132 161  61 166  37  38 149 110  67]
Fg:183, retreival top10:[ 62   7  89 102  35 170 143  91 130 140]